01111100 1111111111 Numqud
11111101190113191111110116

snm 110111111 111111 11101111 ,
111011111111111 (1)
Μ’-
mu 11111111ῶῖ(11111111111 1111111111 1111111101)
’Θ .
, ay Ι
11111111 011111111111111111
1111111111 0011101110 0011111111 ·
“ 11111 1111011111 1111111111 11νο1110111 , J
1111110
11101111 ··z 1110111 00111110 0 001
10 0011111111 111 111 11001111 ,
1101111110 1101111 ..
1101101111111110 111 011010 11111 ·
, 00 1111110111 01101110 10111 111 .
1111101110111011111 0111011111
0011110111 101111 1111 1110111 N
011101 0101011001011011111111 -
11010110 1101111111101 01111110
0101111111 1111110111 0101111110
0101101 0010111111 1111 1100111
01011111 11110 00111111 1111101110
’ 1 · 111011 11011111 1111111111 11110
’ 011111 0111111111 o 00111
sy·
1 1111100111111111111111 ·11
’Θ ‘X

aaz *1010111110111111011111 ·

 

